0 0.066863 0.550029 0.130896 0.325901
0 0.246698 0.718696 0.136792 0.377358
0 0.451887 0.452830 0.150943 0.337336
0 0.686557 0.807318 0.155660 0.371641
0 0.897641 0.847913 0.136792 0.304174
0 0.781486 0.317038 0.135613 0.317324
0 0.887028 0.441395 0.115566 0.291595
0 0.329245 0.165523 0.122642 0.231561
0 0.231368 0.395655 0.120283 0.245855
0 0.504953 0.732990 0.096698 0.371641
0 0.612854 0.364208 0.142689 0.285878
0 0.921226 0.238422 0.127358 0.308748
0 0.372877 0.627216 0.129717 0.285878
0 0.637618 0.615780 0.130896 0.274443
0 0.629363 0.102058 0.135613 0.204116
0 0.101061 0.833047 0.145047 0.285878