0 0.454835 0.795139 0.154481 0.273906
0 0.594575 0.833358 0.158019 0.231440
0 0.711321 0.879009 0.150943 0.216576
0 0.842217 0.778152 0.195755 0.222946
0 0.862854 0.539281 0.168632 0.284522
0 0.730778 0.450102 0.140330 0.276029
0 0.637028 0.604042 0.158019 0.231440
0 0.436557 0.441609 0.148585 0.293015
0 0.602830 0.349246 0.146226 0.248426
0 0.277358 0.768597 0.169811 0.267536
0 0.135849 0.704898 0.146226 0.242056
0 0.082783 0.334383 0.153302 0.252673
0 0.315684 0.254759 0.149764 0.242056
0 0.875236 0.255821 0.172170 0.265412
0 0.060849 0.811063 0.121698 0.259042
0 0.417689 0.130564 0.155660 0.261128
0 0.382311 0.604042 0.148585 0.299385
0 0.169458 0.500000 0.142689 0.218700